20 28 24 8
84 28 24 9
148 27 24 9
212 25 24 15
276 23 24 19
340 22 24 21
404 26 24 13
468 27 24 9
532 25 24 15
596 23 24 19
660 22 24 21
724 26 24 13
791 19 18 16
855 19 18 16
919 19 18 16
983 19 18 20
1047 19 18 22
1111 19 18 23
1175 19 18 19
1239 19 18 16
1303 19 18 16
1367 19 18 20
1431 19 18 23
1495 19 18 19
1559 22 18 14
1623 22 18 14
1687 22 18 14
1751 22 18 17
1815 22 18 19
1879 22 18 20
1943 22 18 16
2007 22 18 14
2071 22 18 17
2135 22 18 19
2199 22 18 20
2263 22 18 16
2324 13 24 41
2388 13 24 41

